337
490
934
1017
1316
1381
1620
1930
2267
2325
2781
3312
3786
4161
4578
4958
5202
5313
5847
6067
6097
6409
6586
6846
6953
7734
7739
7890
8440
9469
9881
9928
10087
10440
10797
11389
11835
12314
12760
12906
13145
13203
13317
13639
13877
14700
14964
15176
15334
15487
15578
15894
16215
16849
17098
18096
18171
18426
18610
18873
19067
19599
19621
19944
20204
20628
20722
20966
21155
21255
21260
21451
21510
21535
21994
22073
22317
22765
23035
23579
23718
23843
24166
24243
24906
25401
25480
25632
26130
26308
26424
28422
28938
29685
30051
30855
30918
31640
32079
32741
